Sample	0	1	2	3	4	5	6	7	8	9	10	11	12	13	14	15
547_R1	(1.0, 77.56692625846937)	(2.0, 9.491848863124797)	(3.0, 2.016302807152609)	(4.0, 1.1270694506890437)	(5.0, 0.8864155496449533)	(6.0, 0.8017020937039883)	(7.0, 0.7319387033055027)	(8.0, 0.652101401363589)	(9.0, 0.5431380353650658)	('>10', 4.673687505638447)	('>50', 0.9474536007388573)	('>100', 0.5496207091109077)	('>500', 0.010026805532084794)	('>1k', 0.0017682161608515844)	('>5k', 0.0)	('>10k+', 0.0)
547_R2	(1.0, 77.75742975297393)	(2.0, 9.379021627420094)	(3.0, 2.0123230869670423)	(4.0, 1.0980780199767335)	(5.0, 0.9374483490816033)	(6.0, 0.7866964294569975)	(7.0, 0.7619845068328304)	(8.0, 0.6340770311355023)	(9.0, 0.6172993602517584)	('>10', 4.542002835377266)	('>50', 0.9014753056774506)	('>100', 0.5589418861655662)	('>500', 0.009984777391913294)	('>1k', 0.0032370312912685635)	('>5k', 0.0)	('>10k+', 0.0)
548_R1	(1.0, 82.57928659366819)	(2.0, 9.396244559080378)	(3.0, 1.931601034760059)	(4.0, 0.7822389806635563)	(5.0, 0.4763893119329419)	(6.0, 0.34646029669914996)	(7.0, 0.282519716714958)	(8.0, 0.22853711592173506)	(9.0, 0.1825221126506842)	('>10', 2.407467687328009)	('>50', 0.7985309290510645)	('>100', 0.5704784610030903)	('>500', 0.016106411406952393)	('>1k', 0.0016167891191924968)	('>5k', 0.0)	('>10k+', 0.0)
548_R2	(1.0, 83.04422734817808)	(2.0, 9.018898335715825)	(3.0, 1.8356988787848132)	(4.0, 0.7912754584330747)	(5.0, 0.46940365220806135)	(6.0, 0.33145455086300407)	(7.0, 0.2935526097262862)	(8.0, 0.22453737362686568)	(9.0, 0.18052418044983834)	('>10', 2.455803784960021)	('>50', 0.759098733013676)	('>100', 0.5902507106224636)	('>500', 0.005274383417992796)	('>1k', 0.0)	('>5k', 0.0)	('>10k+', 0.0)
549_R1	(1.0, 91.58032617817653)	(2.0, 4.9541611195579565)	(3.0, 1.0306030392793206)	(4.0, 0.47944863361926926)	(5.0, 0.37848679457764245)	(6.0, 0.2744491161816004)	(7.0, 0.21642994498895962)	(8.0, 0.152355975498151)	(9.0, 0.11330436371157847)	('>10', 0.7609618852005859)	('>50', 0.053210503102218705)	('>100', 0.0062624461062336725)	('>500', 0.0)	('>1k', 0.0)	('>5k', 0.0)	('>10k+', 0.0)
549_R2	(1.0, 91.64014405578729)	(2.0, 4.975157110100729)	(3.0, 0.9675645290575274)	(4.0, 0.5124787399640244)	(5.0, 0.34043736439761557)	(6.0, 0.2794569392002704)	(7.0, 0.19137994982521878)	(8.0, 0.16438389766857686)	(9.0, 0.12232848438245933)	('>10', 0.7406964530859304)	('>50', 0.04808028045053463)	('>100', 0.01789219607975562)	('>500', 0.0)	('>1k', 0.0)	('>5k', 0.0)	('>10k+', 0.0)
550_R1	(1.0, 77.49878533071076)	(2.0, 10.700523655130226)	(3.0, 2.372178074240932)	(4.0, 1.1835616882729663)	(5.0, 0.8360227087368985)	(6.0, 0.7143031844328169)	(7.0, 0.5064160320726759)	(8.0, 0.4605611414470907)	(9.0, 0.39764220818852547)	('>10', 3.0297248306063502)	('>50', 0.9772243302160487)	('>100', 1.3042837278186519)	('>500', 0.018773088126064714)	('>1k', 0.0)	('>5k', 0.0)	('>10k+', 0.0)
550_R2	(1.0, 77.46783061741557)	(2.0, 10.660433427353622)	(3.0, 2.314193107054283)	(4.0, 1.128567780146683)	(5.0, 0.9020131828169011)	(6.0, 0.683281511904024)	(7.0, 0.5624551242172999)	(8.0, 0.4805796454612303)	(9.0, 0.40264539697843266)	('>10', 3.0581735634708727)	('>50', 1.0697466820840038)	('>100', 1.249867049700709)	('>500', 0.020212911396416483)	('>1k', 0.0)	('>5k', 0.0)	('>10k+', 0.0)
551_R1	(1.0, 78.02384840507122)	(2.0, 10.101416207831083)	(3.0, 2.2346625114208223)	(4.0, 1.1843490540902284)	(5.0, 0.8809528154317504)	(6.0, 0.7383264685393365)	(7.0, 0.5945574454422852)	(8.0, 0.5067259658770951)	(9.0, 0.37572417517013523)	('>10', 2.900165652762241)	('>50', 1.037486353266186)	('>100', 1.4031930246366686)	('>500', 0.01859192046114208)	('>1k', 0.0)	('>5k', 0.0)	('>10k+', 0.0)
551_R2	(1.0, 77.98484213767277)	(2.0, 10.187057273666978)	(3.0, 2.2947739460212175)	(4.0, 1.1544532491118789)	(5.0, 0.8850199325848993)	(6.0, 0.7523899771561362)	(7.0, 0.5675753997965)	(8.0, 0.5007556030656669)	(9.0, 0.3617248019620875)	('>10', 2.960245537905993)	('>50', 0.9351544621261835)	('>100', 1.4015344602792306)	('>500', 0.014473218650367062)	('>1k', 0.0)	('>5k', 0.0)	('>10k+', 0.0)
552_R1	(1.0, 74.87294132295604)	(2.0, 11.974515340945336)	(3.0, 2.6356743692877767)	(4.0, 1.2145661415332043)	(5.0, 0.8206803569815981)	(6.0, 0.6302359708828232)	(7.0, 0.49259764476434237)	(8.0, 0.478798175172399)	(9.0, 0.3959895249510073)	('>10', 2.8196704300103477)	('>50', 0.9314473274662431)	('>100', 2.5200625983566693)	('>500', 0.19276660615786867)	('>1k', 0.02005419053432425)	('>5k', 0.0)	('>10k+', 0.0)
552_R2	(1.0, 74.15493862588998)	(2.0, 12.172108777784555)	(3.0, 2.790876785617892)	(4.0, 1.2293492685603382)	(5.0, 0.8295397601090071)	(6.0, 0.6571033140846296)	(7.0, 0.5454713752308735)	(8.0, 0.417760274456904)	(9.0, 0.3639349418738957)	('>10', 2.929962007540803)	('>50', 1.0624721793450134)	('>100', 2.646486009424834)	('>500', 0.17835787390822364)	('>1k', 0.021638806172962065)	('>5k', 0.0)	('>10k+', 0.0)
553_R1	(1.0, 91.54713733967266)	(2.0, 6.478333236792337)	(3.0, 0.9227638282523138)	(4.0, 0.26934882586707387)	(5.0, 0.1452559539574336)	(6.0, 0.08418763877566253)	(7.0, 0.062167557242625106)	(8.0, 0.05918711397808166)	(9.0, 0.050182022825874105)	('>10', 0.31906712549022637)	('>50', 0.04539055761410157)	('>100', 0.01697879953165961)	('>500', 0.0)	('>1k', 0.0)	('>5k', 0.0)	('>10k+', 0.0)
553_R2	(1.0, 91.49702913740548)	(2.0, 6.4973344735186815)	(3.0, 0.9848147141803715)	(4.0, 0.2643423137780416)	(5.0, 0.11319949820402007)	(6.0, 0.09120333447425037)	(7.0, 0.06116491746067016)	(8.0, 0.04614595023909232)	(9.0, 0.04616754321711761)	('>10', 0.33616550698157405)	('>50', 0.049441675065385354)	('>100', 0.012990935475319968)	('>500', 0.0)	('>1k', 0.0)	('>5k', 0.0)	('>10k+', 0.0)
554_R1	(1.0, 80.82037859816577)	(2.0, 9.79175353591401)	(3.0, 2.139298428352016)	(4.0, 0.9389830171642362)	(5.0, 0.6181802885206663)	(6.0, 0.47028275577984696)	(7.0, 0.39536006265798435)	(8.0, 0.3374116650391063)	(9.0, 0.30045948866285427)	('>10', 2.410039595399068)	('>50', 0.8507460551372483)	('>100', 0.9026361577369366)	('>500', 0.023113099154654062)	('>1k', 0.0013572523157511416)	('>5k', 0.0)	('>10k+', 0.0)
554_R2	(1.0, 81.08602452511053)	(2.0, 9.708556278067348)	(3.0, 2.056272925974668)	(4.0, 0.9409589845690705)	(5.0, 0.6061614100263932)	(6.0, 0.5253025876552018)	(7.0, 0.3653235453796639)	(8.0, 0.3073673432955987)	(9.0, 0.24236463452558926)	('>10', 2.302183616484731)	('>50', 0.9162127538737926)	('>100', 0.9223514049198254)	('>500', 0.0209199901175707)	('>1k', 0.0)	('>5k', 0.0)	('>10k+', 0.0)
555_R1	(1.0, 95.62383660266546)	(2.0, 2.572910882842744)	(3.0, 0.44136390614640103)	(4.0, 0.20526575426422852)	(5.0, 0.15327045630896935)	(6.0, 0.08619256794030794)	(7.0, 0.07821144112624745)	(8.0, 0.05316867530940656)	(9.0, 0.05219003244630622)	('>10', 0.6600630461500735)	('>50', 0.06500059581051403)	('>100', 0.008526038989298249)	('>500', 0.0)	('>1k', 0.0)	('>5k', 0.0)	('>10k+', 0.0)
555_R2	(1.0, 95.58003524980808)	(2.0, 2.6439416791557786)	(3.0, 0.4253516603959881)	(4.0, 0.19725584951832878)	(5.0, 0.1061876378773798)	(6.0, 0.0881972745837979)	(7.0, 0.10327948972289992)	(8.0, 0.06721342019953157)	(9.0, 0.05018287038082018)	('>10', 0.6833772643811415)	('>50', 0.045325801861661005)	('>100', 0.009651802114619353)	('>500', 0.0)	('>1k', 0.0)	('>5k', 0.0)	('>10k+', 0.0)
556_R1	(1.0, 88.34709249154294)	(2.0, 5.687499130735728)	(3.0, 1.3075079273573966)	(4.0, 0.7036084114495141)	(5.0, 0.5036752427459359)	(6.0, 0.3556459448908826)	(7.0, 0.2615994769733233)	(8.0, 0.1774910478442779)	(9.0, 0.16754306195154767)	('>10', 1.841762599869061)	('>50', 0.46747281963801635)	('>100', 0.1777626572584387)	('>500', 0.0013391877430144992)	('>1k', 0.0)	('>5k', 0.0)	('>10k+', 0.0)
556_R2	(1.0, 88.40898482534249)	(2.0, 5.611502306937659)	(3.0, 1.2774957176621946)	(4.0, 0.7556532363685756)	(5.0, 0.5046765644339758)	(6.0, 0.36866965596357226)	(7.0, 0.2786386205881646)	(8.0, 0.17348004506220582)	(9.0, 0.1474781335324167)	('>10', 1.8271900005464077)	('>50', 0.48196241863272354)	('>100', 0.1616477870122629)	('>500', 0.002620687917451361)	('>1k', 0.0)	('>5k', 0.0)	('>10k+', 0.0)
557_R1	(1.0, 96.00695294762733)	(2.0, 3.207209174794949)	(3.0, 0.41632704594956216)	(4.0, 0.11814104395718328)	(5.0, 0.056089853052948425)	(6.0, 0.025050346532335142)	(7.0, 0.02907027614048441)	(8.0, 0.01002832880509129)	(9.0, 0.018058366030603713)	('>10', 0.10972090155832213)	('>50', 0.0010267783049415272)	('>100', 0.0023249372462677284)	('>500', 0.0)	('>1k', 0.0)	('>5k', 0.0)	('>10k+', 0.0)
557_R2	(1.0, 96.14418720248868)	(2.0, 3.103178107746928)	(3.0, 0.39230926689012635)	(4.0, 0.10112101962116234)	(5.0, 0.05108198726742407)	(6.0, 0.03707463212386032)	(7.0, 0.025060667171589987)	(8.0, 0.01905389161526288)	(9.0, 0.015048693393751233)	('>10', 0.1106629135231004)	('>50', 0.0)	('>100', 0.0)	('>500', 0.0012216181581359258)	('>1k', 0.0)	('>5k', 0.0)	('>10k+', 0.0)
558_R1	(1.0, 97.60318336570694)	(2.0, 1.8486847797943344)	(3.0, 0.2621990719772495)	(4.0, 0.08509768051297185)	(5.0, 0.043066161917054806)	(6.0, 0.030057846506884027)	(7.0, 0.0240556292516509)	(8.0, 0.016043322480099882)	(9.0, 0.02206814556009222)	('>10', 0.06436651772050464)	('>50', 0.0)	('>100', 0.0011774785721703053)	('>500', 0.0)	('>1k', 0.0)	('>5k', 0.0)	('>10k+', 0.0)
558_R2	(1.0, 97.63731972774707)	(2.0, 1.8256789748695201)	(3.0, 0.23818121130832)	(4.0, 0.09310702849682577)	(5.0, 0.04506931786618151)	(6.0, 0.026050181325459203)	(7.0, 0.02104871592397748)	(8.0, 0.022059612559691494)	(9.0, 0.013040295042850484)	('>10', 0.07742339337360145)	('>50', 0.001021541486479587)	('>100', 0.0)	('>500', 0.0)	('>1k', 0.0)	('>5k', 0.0)	('>10k+', 0.0)
559_R1	(1.0, 75.21894547822505)	(2.0, 13.399580731044683)	(3.0, 3.17250996830494)	(4.0, 1.1230727285898432)	(5.0, 0.6876208964492161)	(6.0, 0.47386869223763173)	(7.0, 0.3579989372638377)	(8.0, 0.2860775442000706)	(9.0, 0.19510633071533567)	('>10', 2.193401215041742)	('>50', 0.8554151254175537)	('>100', 1.9254970808526661)	('>500', 0.10530933529806955)	('>1k', 0.0055959363593125)	('>5k', 0.0)	('>10k+', 0.0)
559_R2	(1.0, 74.48052982870188)	(2.0, 13.80816273133484)	(3.0, 3.3011643403079085)	(4.0, 1.1869468347157885)	(5.0, 0.6605952084049916)	(6.0, 0.48083731012419006)	(7.0, 0.37397605564599556)	(8.0, 0.2800588666460785)	(9.0, 0.25312259076812726)	('>10', 2.184502201108105)	('>50', 0.8675658548315365)	('>100', 2.019781332556448)	('>500', 0.09709097170199883)	('>1k', 0.005665873152061956)	('>5k', 0.0)	('>10k+', 0.0)
560_R1	(1.0, 91.29985682574822)	(2.0, 5.752121458127268)	(3.0, 1.0885214152825144)	(4.0, 0.4603512263387819)	(5.0, 0.2612734974329626)	(6.0, 0.18224247570216964)	(7.0, 0.14122796021366693)	(8.0, 0.09217491481246065)	(9.0, 0.06814863512426696)	('>10', 0.5744098502908791)	('>50', 0.0702836327535297)	('>100', 0.00938810817335478)	('>500', 0.0)	('>1k', 0.0)	('>5k', 0.0)	('>10k+', 0.0)
560_R2	(1.0, 91.39571821694122)	(2.0, 5.725108501778875)	(3.0, 1.0615071340305255)	(4.0, 0.3892965541819945)	(5.0, 0.27428681679395367)	(6.0, 0.19926492014607863)	(7.0, 0.12520197390923876)	(8.0, 0.10720334059512918)	(9.0, 0.07716824664591393)	('>10', 0.562362500183841)	('>50', 0.07029310524128675)	('>100', 0.012588689551939437)	('>500', 0.0)	('>1k', 0.0)	('>5k', 0.0)	('>10k+', 0.0)
561_R1	(1.0, 84.64917085293288)	(2.0, 8.576542182704886)	(3.0, 2.1013237142918975)	(4.0, 0.8173906656693357)	(5.0, 0.541434063556537)	(6.0, 0.4034540077945721)	(7.0, 0.26538448182315655)	(8.0, 0.2374207341020287)	(9.0, 0.15532545255806263)	('>10', 1.3203809586548698)	('>50', 0.5074051711463307)	('>100', 0.4224255243994151)	('>500', 0.002342190366105173)	('>1k', 0.0)	('>5k', 0.0)	('>10k+', 0.0)
561_R2	(1.0, 84.28134808913342)	(2.0, 8.944479972635683)	(3.0, 1.9753045527479733)	(4.0, 0.8814214609379714)	(5.0, 0.5264221910678828)	(6.0, 0.3954451531443742)	(7.0, 0.30043540961214965)	(8.0, 0.2444333027098255)	(9.0, 0.19140116994367226)	('>10', 1.329193568406787)	('>50', 0.5167493711656453)	('>100', 0.4096234592634939)	('>500', 0.0037422992311293576)	('>1k', 0.0)	('>5k', 0.0)	('>10k+', 0.0)
562_R1	(1.0, 92.13916708490638)	(2.0, 4.635647813450057)	(3.0, 0.8594064023509459)	(4.0, 0.4113314840221182)	(5.0, 0.24928386596807925)	(6.0, 0.1542269330922304)	(7.0, 0.13824939816589293)	(8.0, 0.0942012491777922)	(9.0, 0.06215343377775923)	('>10', 0.9752400691795112)	('>50', 0.21576993248458193)	('>100', 0.06406038988529617)	('>500', 0.0012619435393649199)	('>1k', 0.0)	('>5k', 0.0)	('>10k+', 0.0)
562_R2	(1.0, 92.20306265492123)	(2.0, 4.531580460473937)	(3.0, 0.8593965459238456)	(4.0, 0.41633081935271726)	(5.0, 0.24827997093900353)	(6.0, 0.1612354891367311)	(7.0, 0.14025150859084498)	(8.0, 0.10321943001978648)	(9.0, 0.08019714890141866)	('>10', 0.9208544719759267)	('>50', 0.26077764887300653)	('>100', 0.0736142484527525)	('>500', 0.0011996024388005704)	('>1k', 0.0)	('>5k', 0.0)	('>10k+', 0.0)
563_R1	(1.0, 93.69252193563113)	(2.0, 4.249622770988884)	(3.0, 0.7666546582476133)	(4.0, 0.3374473442474642)	(5.0, 0.18833846872282642)	(6.0, 0.12127508731296474)	(7.0, 0.0882417079248596)	(8.0, 0.06520930401940975)	(9.0, 0.03512927570201869)	('>10', 0.4325263419994314)	('>50', 0.018561346990090925)	('>100', 0.003150520589804076)	('>500', 0.00132123762349685)	('>1k', 0.0)	('>5k', 0.0)	('>10k+', 0.0)
563_R2	(1.0, 93.71843921498075)	(2.0, 4.239570482270028)	(3.0, 0.7836603020231484)	(4.0, 0.3114093296407151)	(5.0, 0.18032205531370013)	(6.0, 0.11626243477253943)	(7.0, 0.07119423399742157)	(8.0, 0.0632021770997788)	(9.0, 0.05018413896787538)	('>10', 0.43159415022571096)	('>50', 0.02165447265248582)	('>100', 0.009914867613631763)	('>500', 0.002592140442198609)	('>1k', 0.0)	('>5k', 0.0)	('>10k+', 0.0)
564_R1	(1.0, 93.31461743593164)	(2.0, 4.848210066383708)	(3.0, 0.8064662595737259)	(4.0, 0.25823410689005893)	(5.0, 0.15118669161433343)	(6.0, 0.08913932216725759)	(7.0, 0.0821553521938833)	(8.0, 0.05512230527773074)	(9.0, 0.05213275588243171)	('>10', 0.31983506065492273)	('>50', 0.014285889234820858)	('>100', 0.004257217353099436)	('>500', 0.0)	('>1k', 0.004357536842397059)	('>5k', 0.0)	('>10k+', 0.0)
564_R2	(1.0, 93.45354822181439)	(2.0, 4.784242722263197)	(3.0, 0.7674515681119263)	(4.0, 0.2452248470923448)	(5.0, 0.15218951552072096)	(6.0, 0.09514971564147633)	(7.0, 0.0701333617377733)	(8.0, 0.05913183274563094)	(9.0, 0.04411280768545397)	('>10', 0.3106951048667278)	('>50', 0.010246341559027324)	('>100', 0.0031792039527691845)	('>500', 0.0)	('>1k', 0.004694757008604449)	('>5k', 0.0)	('>10k+', 0.0)
