Sample	0	1	2	3	4	5	6	7	8	9	10	11	12	13	14	15
547_R1	(1.0, 77.49310090600791)	(2.0, 9.612661669722202)	(3.0, 2.0002918316148617)	(4.0, 1.121061786400098)	(5.0, 0.9004178278369894)	(6.0, 0.8127092825053296)	(7.0, 0.7219249417546031)	(8.0, 0.5990120133579524)	(9.0, 0.5601749687967803)	('>10', 4.6547073610865155)	('>50', 0.9689473542855116)	('>100', 0.5443392080262787)	('>500', 0.008898860323534782)	('>1k', 0.0017519882813561598)	('>5k', 0.0)	('>10k+', 0.0)
547_R2	(1.0, 78.00425749421235)	(2.0, 9.223402750075198)	(3.0, 2.0283794646444973)	(4.0, 1.1091144565028639)	(5.0, 0.9304764933789387)	(6.0, 0.8137492783088699)	(7.0, 0.7299702961477115)	(8.0, 0.6441191300168465)	(9.0, 0.5852556465416583)	('>10', 4.480970736190697)	('>50', 0.9035578151555059)	('>100', 0.5397949033016993)	('>500', 0.0037516581024683265)	('>1k', 0.0031998774207486697)	('>5k', 0.0)	('>10k+', 0.0)
548_R1	(1.0, 82.81292691508996)	(2.0, 9.253704918158585)	(3.0, 1.9076860703512604)	(4.0, 0.7662688083557574)	(5.0, 0.5004332799304153)	(6.0, 0.34447553596364383)	(7.0, 0.3005695083374827)	(8.0, 0.2054949780914595)	(9.0, 0.18654514190080873)	('>10', 2.3724960908259263)	('>50', 0.7715486275884391)	('>100', 0.5646856791450697)	('>500', 0.013164446261170932)	('>1k', 0.0)	('>5k', 0.0)	('>10k+', 0.0)
548_R2	(1.0, 83.66526526959939)	(2.0, 8.648877414974407)	(3.0, 1.813861204390043)	(4.0, 0.7863451189169491)	(5.0, 0.4484277754154508)	(6.0, 0.339498603293625)	(7.0, 0.2775503806083141)	(8.0, 0.22556322857795555)	(9.0, 0.15546805655849846)	('>10', 2.3523907832103634)	('>50', 0.7632748701915064)	('>100', 0.5195645749546413)	('>500', 0.003912719308812804)	('>1k', 0.0)	('>5k', 0.0)	('>10k+', 0.0)
549_R1	(1.0, 91.63517518704325)	(2.0, 4.8991505810827265)	(3.0, 1.0326068317508204)	(4.0, 0.4764480136962953)	(5.0, 0.35846342322826497)	(6.0, 0.2944844633141676)	(7.0, 0.21743427636731844)	(8.0, 0.14834850978233044)	(9.0, 0.11130063252635168)	('>10', 0.7650180261061548)	('>50', 0.050096534100213516)	('>100', 0.011473521002030529)	('>500', 0.0)	('>1k', 0.0)	('>5k', 0.0)	('>10k+', 0.0)
549_R2	(1.0, 91.80826225302008)	(2.0, 4.842143253692795)	(3.0, 0.9495592923150652)	(4.0, 0.5134835644179873)	(5.0, 0.3454471115056767)	(6.0, 0.2524156521167677)	(7.0, 0.19238456333806483)	(8.0, 0.1633841157014389)	(9.0, 0.1263414883681938)	('>10', 0.7395995734996273)	('>50', 0.050162804763916935)	('>100', 0.016816327260381608)	('>500', 0.0)	('>1k', 0.0)	('>5k', 0.0)	('>10k+', 0.0)
550_R1	(1.0, 77.58175096030809)	(2.0, 10.676714126947132)	(3.0, 2.364222860884322)	(4.0, 1.128601766704929)	(5.0, 0.8710398563154595)	(6.0, 0.6712981624284389)	(7.0, 0.540455250902311)	(8.0, 0.44355014616701677)	(9.0, 0.38463005892916613)	('>10', 3.0681945865838443)	('>50', 0.9935105142897209)	('>100', 1.2583659471282527)	('>500', 0.01766576241136545)	('>1k', 0.0)	('>5k', 0.0)	('>10k+', 0.0)
550_R2	(1.0, 77.72937400744372)	(2.0, 10.529728463690779)	(3.0, 2.313227346240585)	(4.0, 1.1115915813190784)	(5.0, 0.9000281385403044)	(6.0, 0.6962992235716545)	(7.0, 0.5414483151536302)	(8.0, 0.49861131703112727)	(9.0, 0.4006506062669571)	('>10', 2.9687353213691314)	('>50', 1.049025636147582)	('>100', 1.2430572077501054)	('>500', 0.016715999316113565)	('>1k', 0.0015068361591764191)	('>5k', 0.0)	('>10k+', 0.0)
551_R1	(1.0, 78.22889020958587)	(2.0, 10.02087243936616)	(3.0, 2.2267482973360897)	(4.0, 1.1763963453159634)	(5.0, 0.8729865546432916)	(6.0, 0.7053399777559971)	(7.0, 0.5875752847347611)	(8.0, 0.513758219760952)	(9.0, 0.34167386552669954)	('>10', 2.931603040288666)	('>50', 0.9972893538618484)	('>100', 1.3767044523592116)	('>500', 0.0201619594645304)	('>1k', 0.0)	('>5k', 0.0)	('>10k+', 0.0)
551_R2	(1.0, 78.24142445320447)	(2.0, 9.991754290411128)	(3.0, 2.32284596646035)	(4.0, 1.1425095954076865)	(5.0, 0.8770601010175861)	(6.0, 0.7454218754943023)	(7.0, 0.5676033936840181)	(8.0, 0.4787467611953516)	(9.0, 0.39481183795041447)	('>10', 2.8998125520417157)	('>50', 0.9855309090587707)	('>100', 1.3430767247531812)	('>500', 0.009401539320918487)	('>1k', 0.0)	('>5k', 0.0)	('>10k+', 0.0)
552_R1	(1.0, 75.03193226858926)	(2.0, 11.911572883501133)	(3.0, 2.668794318107117)	(4.0, 1.2086691537706336)	(5.0, 0.7917871289646148)	(6.0, 0.6372764374628636)	(7.0, 0.5226136885750756)	(8.0, 0.446846645244446)	(9.0, 0.3690194088149792)	('>10', 2.778397022471376)	('>50', 0.9847640586545198)	('>100', 2.4667216909849716)	('>500', 0.16152374441687814)	('>1k', 0.020081550442129403)	('>5k', 0.0)	('>10k+', 0.0)
552_R2	(1.0, 74.28789182729238)	(2.0, 12.100881998483018)	(3.0, 2.7840260740077216)	(4.0, 1.236393602623981)	(5.0, 0.8106127499880289)	(6.0, 0.6721162582256013)	(7.0, 0.5415025873769342)	(8.0, 0.4327738749174536)	(9.0, 0.36795340460193837)	('>10', 2.931456916868627)	('>50', 1.0244101376730865)	('>100', 2.627256524725952)	('>500', 0.15943597397911724)	('>1k', 0.02328806923621474)	('>5k', 0.0)	('>10k+', 0.0)
553_R1	(1.0, 91.66628770419076)	(2.0, 6.4063304728268395)	(3.0, 0.9157630244755793)	(4.0, 0.24431818850345877)	(5.0, 0.1472608284328605)	(6.0, 0.08919978560170584)	(7.0, 0.0531439145103923)	(8.0, 0.05316886337001462)	(9.0, 0.050182849082395106)	('>10', 0.30998274156975897)	('>50', 0.05056963018377969)	('>100', 0.013791997252427348)	('>500', 0.0)	('>1k', 0.0)	('>5k', 0.0)	('>10k+', 0.0)
553_R2	(1.0, 91.72043532529457)	(2.0, 6.3093077032387495)	(3.0, 0.9618035961674671)	(4.0, 0.24732274708152627)	(5.0, 0.13323637767113952)	(6.0, 0.08118209046404214)	(7.0, 0.06216857381083137)	(8.0, 0.044140359197604256)	(9.0, 0.041150108315141654)	('>10', 0.3420695198714752)	('>50', 0.04741373734734942)	('>100', 0.009769861540110912)	('>500', 0.0)	('>1k', 0.0)	('>5k', 0.0)	('>10k+', 0.0)
554_R1	(1.0, 80.90911753881456)	(2.0, 9.785869999942525)	(3.0, 2.072347038261065)	(4.0, 0.9279963973625013)	(5.0, 0.6912123333563122)	(6.0, 0.48429936125314366)	(7.0, 0.379352398112304)	(8.0, 0.3103847627528751)	(9.0, 0.284440936845848)	('>10', 2.411161615072286)	('>50', 0.849911687137266)	('>100', 0.8649380246082923)	('>500', 0.028967906480934707)	('>1k', 0.0)	('>5k', 0.0)	('>10k+', 0.0)
554_R2	(1.0, 81.33948821370937)	(2.0, 9.580855109883519)	(3.0, 2.125298797577942)	(4.0, 0.875983689266476)	(5.0, 0.6922025123035055)	(6.0, 0.45827662274146475)	(7.0, 0.38335058911853215)	(8.0, 0.27834106078230963)	(9.0, 0.23936766874654686)	('>10', 2.23822933706032)	('>50', 0.8590191203781381)	('>100', 0.8968907418384554)	('>500', 0.03133669495227336)	('>1k', 0.001359841641271336)	('>5k', 0.0)	('>10k+', 0.0)
555_R1	(1.0, 95.63587011719838)	(2.0, 2.585924272957756)	(3.0, 0.42735510116189673)	(4.0, 0.20927291942522463)	(5.0, 0.1502670300261566)	(6.0, 0.08318714138341313)	(7.0, 0.0792156210536549)	(8.0, 0.05818584331399809)	(9.0, 0.05520235376687667)	('>10', 0.6430771842837597)	('>50', 0.06289131443301824)	('>100', 0.00955110099586142)	('>500', 0.0)	('>1k', 0.0)	('>5k', 0.0)	('>10k+', 0.0)
555_R2	(1.0, 95.65101204320895)	(2.0, 2.624942446087525)	(3.0, 0.408340002661729)	(4.0, 0.18323930279706746)	(5.0, 0.11420316407478148)	(6.0, 0.08018054129675872)	(7.0, 0.0872376440805649)	(8.0, 0.06119559441691825)	(9.0, 0.05118775855536273)	('>10', 0.6803662419234404)	('>50', 0.048524240961259846)	('>100', 0.009571019935666765)	('>500', 0.0)	('>1k', 0.0)	('>5k', 0.0)	('>10k+', 0.0)
556_R1	(1.0, 88.46583853974262)	(2.0, 5.586575388661882)	(3.0, 1.3335379402265324)	(4.0, 0.6886076864795156)	(5.0, 0.4946733850519156)	(6.0, 0.3606635315787506)	(7.0, 0.24356456485039998)	(8.0, 0.202566334117115)	(9.0, 0.14848604821750272)	('>10', 1.8449432657963436)	('>50', 0.46775750470588584)	('>100', 0.16144552904981688)	('>500', 0.0013402815217298993)	('>1k', 0.0)	('>5k', 0.0)	('>10k+', 0.0)
556_R2	(1.0, 88.52743945958721)	(2.0, 5.50262215282785)	(3.0, 1.3155405506622568)	(4.0, 0.7586753368098703)	(5.0, 0.473648473310801)	(6.0, 0.3907219550188534)	(7.0, 0.2886714740883512)	(8.0, 0.17248366419437555)	(9.0, 0.15049389725252868)	('>10', 1.8106707263470547)	('>50', 0.4407979960778164)	('>100', 0.16689735279758466)	('>500', 0.0013369610254414667)	('>1k', 0.0)	('>5k', 0.0)	('>10k+', 0.0)
557_R1	(1.0, 96.06472294059935)	(2.0, 3.1601956035403465)	(3.0, 0.4083227997937534)	(4.0, 0.12114568279645956)	(5.0, 0.04807761204430111)	(6.0, 0.036073078508413965)	(7.0, 0.02205374848578748)	(8.0, 0.0160457020937277)	(9.0, 0.017055585956900793)	('>10', 0.10266534103345584)	('>50', 0.0010266001622062195)	('>100', 0.001046455546870104)	('>500', 0.0)	('>1k', 0.0015688494384063281)	('>5k', 0.0)	('>10k+', 0.0)
557_R2	(1.0, 96.26479952151314)	(2.0, 3.0071406492659998)	(3.0, 0.3813018564071101)	(4.0, 0.08610364754999779)	(5.0, 0.04507282114275151)	(6.0, 0.0380771933774039)	(7.0, 0.02105133817982209)	(8.0, 0.018051445067377124)	(9.0, 0.02106870269440745)	('>10', 0.114690230563668)	('>50', 0.0)	('>100', 0.0)	('>500', 0.0026425942383352533)	('>1k', 0.0)	('>5k', 0.0)	('>10k+', 0.0)
558_R1	(1.0, 97.61807551889929)	(2.0, 1.8396829083089927)	(3.0, 0.25219215282207563)	(4.0, 0.08009230213390003)	(5.0, 0.04306644119433413)	(6.0, 0.033063908240957264)	(7.0, 0.02706286098383031)	(8.0, 0.015040797865914095)	(9.0, 0.01805600939003905)	('>10', 0.0713959047480785)	('>50', 0.0010295927112614154)	('>100', 0.0)	('>500', 0.00124160270132073)	('>1k', 0.0)	('>5k', 0.0)	('>10k+', 0.0)
558_R2	(1.0, 97.6882884300481)	(2.0, 1.7766635703877396)	(3.0, 0.2421851024929627)	(4.0, 0.09210637432441708)	(5.0, 0.038058812635387906)	(6.0, 0.032062056357777965)	(7.0, 0.022051280314641163)	(8.0, 0.01704628568868093)	(9.0, 0.013040489198154924)	('>10', 0.07641056717028036)	('>50', 0.001026017239891076)	('>100', 0.0010610141419291385)	('>500', 0.0)	('>1k', 0.0)	('>5k', 0.0)	('>10k+', 0.0)
559_R1	(1.0, 75.40888692939089)	(2.0, 13.263174710959028)	(3.0, 3.16961266007178)	(4.0, 1.1311024514863872)	(5.0, 0.6586585238306475)	(6.0, 0.47188511105539094)	(7.0, 0.3530110863189363)	(8.0, 0.2790854496414882)	(9.0, 0.2411400659592539)	('>10', 2.1766864997135627)	('>50', 0.8758319468072986)	('>100', 1.8634496222792138)	('>500', 0.09920634411939916)	('>1k', 0.008268598366751851)	('>5k', 0.0)	('>10k+', 0.0)
559_R2	(1.0, 74.7762123867383)	(2.0, 13.673583544864245)	(3.0, 3.2662616479184154)	(4.0, 1.1729804755398694)	(5.0, 0.648614778502221)	(6.0, 0.4458578805842217)	(7.0, 0.3629841387902258)	(8.0, 0.2860661558611323)	(9.0, 0.2281154531742723)	('>10', 2.1824399776923937)	('>50', 0.8879668329476644)	('>100', 1.9589290241183124)	('>500', 0.0989529225074859)	('>1k', 0.011034780761401474)	('>5k', 0.0)	('>10k+', 0.0)
560_R1	(1.0, 91.45085836560692)	(2.0, 5.634106414322948)	(3.0, 1.0585098574717593)	(4.0, 0.4693599347621642)	(5.0, 0.2632769522730791)	(6.0, 0.17623561185603442)	(7.0, 0.1432322908149003)	(8.0, 0.09818719697000729)	(9.0, 0.05712517139220903)	('>10', 0.5632353541284807)	('>50', 0.07843480940726852)	('>100', 0.00625553874124237)	('>500', 0.0011825022529993417)	('>1k', 0.0)	('>5k', 0.0)	('>10k+', 0.0)
560_R2	(1.0, 91.61694285521817)	(2.0, 5.514089227552075)	(3.0, 1.0565101949873839)	(4.0, 0.3953036595436752)	(5.0, 0.26027415227229556)	(6.0, 0.1932586508091489)	(7.0, 0.13622112808256262)	(8.0, 0.10920838383114671)	(9.0, 0.06915163916670673)	('>10', 0.5713352310960625)	('>50', 0.06722731833346365)	('>100', 0.009323428140515923)	('>500', 0.001154130966801342)	('>1k', 0.0)	('>5k', 0.0)	('>10k+', 0.0)
561_R1	(1.0, 84.7235043197819)	(2.0, 8.561587811953359)	(3.0, 2.0863332870603974)	(4.0, 0.8183963490289168)	(5.0, 0.5494443416694538)	(6.0, 0.38844009560835585)	(7.0, 0.26238232056978616)	(8.0, 0.23842465884534517)	(9.0, 0.15332273715577252)	('>10', 1.3083980538465503)	('>50', 0.493135048616193)	('>100', 0.4166309758639609)	('>500', 0.0)	('>1k', 0.0)	('>5k', 0.0)	('>10k+', 0.0)
561_R2	(1.0, 84.41626149433426)	(2.0, 8.815505585262379)	(3.0, 1.966305276322469)	(4.0, 0.885424904871757)	(5.0, 0.5434371309721432)	(6.0, 0.41847234444156384)	(7.0, 0.3084481591397464)	(8.0, 0.24443436488521203)	(9.0, 0.1783747569404084)	('>10', 1.3153201693513545)	('>50', 0.4871418979695685)	('>100', 0.41717699600309105)	('>500', 0.0036969195058511673)	('>1k', 0.0)	('>5k', 0.0)	('>10k+', 0.0)
562_R1	(1.0, 92.14430701353724)	(2.0, 4.628661092698148)	(3.0, 0.8544079936930814)	(4.0, 0.41934052849184517)	(5.0, 0.27231219199423184)	(6.0, 0.15322688170109092)	(7.0, 0.11821453390184192)	(8.0, 0.09119595536158674)	(9.0, 0.06917172044184415)	('>10', 0.9591606661238459)	('>50', 0.22599343015449583)	('>100', 0.06280298141240022)	('>500', 0.001205010488428006)	('>1k', 0.0)	('>5k', 0.0)	('>10k+', 0.0)
562_R2	(1.0, 92.36754502565134)	(2.0, 4.453602142855595)	(3.0, 0.8423959740057845)	(4.0, 0.40432538515117866)	(5.0, 0.25629199730232816)	(6.0, 0.16223909497954536)	(7.0, 0.12823184002661916)	(8.0, 0.09921252134780076)	(9.0, 0.07217871733085181)	('>10', 0.8876054499464403)	('>50', 0.25156220399775253)	('>100', 0.07362109447265748)	('>500', 0.0011885529321473754)	('>1k', 0.0)	('>5k', 0.0)	('>10k+', 0.0)
563_R1	(1.0, 93.74823629123277)	(2.0, 4.22861338380165)	(3.0, 0.7346290333516217)	(4.0, 0.3244317146070748)	(5.0, 0.19334895592160642)	(6.0, 0.13029689679715686)	(7.0, 0.07921801880617528)	(8.0, 0.06420709071341979)	(9.0, 0.04215590414800162)	('>10', 0.4324630489797063)	('>50', 0.017538289743874575)	('>100', 0.0021155195360958575)	('>500', 0.002745852360852389)	('>1k', 0.0)	('>5k', 0.0)	('>10k+', 0.0)
563_R2	(1.0, 93.99074551312167)	(2.0, 4.058528555957714)	(3.0, 0.7246169511922925)	(4.0, 0.31742086998002694)	(5.0, 0.17030656764187296)	(6.0, 0.12428261622396863)	(7.0, 0.06919010449613258)	(8.0, 0.057184181971692866)	(9.0, 0.05319649952418216)	('>10', 0.4044715997507985)	('>50', 0.01752896861528958)	('>100', 0.009752473332663618)	('>500', 0.0027750981916483492)	('>1k', 0.0)	('>5k', 0.0)	('>10k+', 0.0)
564_R1	(1.0, 93.37578821092009)	(2.0, 4.790264944875414)	(3.0, 0.8024770809758495)	(4.0, 0.2572378960324553)	(5.0, 0.15419350712939067)	(6.0, 0.09314763628906275)	(7.0, 0.08416115459022186)	(8.0, 0.05612597759701754)	(9.0, 0.04210839216091029)	('>10', 0.3248961998843411)	('>50', 0.012265671749866891)	('>100', 0.0031871202712678553)	('>500', 0.0024262235808286525)	('>1k', 0.0017199839433589474)	('>5k', 0.0)	('>10k+', 0.0)
564_R2	(1.0, 93.63965781912148)	(2.0, 4.651173388211487)	(3.0, 0.7504373690644242)	(4.0, 0.23321297338523783)	(5.0, 0.14818426175879487)	(6.0, 0.10416390897289338)	(7.0, 0.06312015086946131)	(8.0, 0.055123108612713134)	(9.0, 0.05012847965382796)	('>10', 0.2886390458936485)	('>50', 0.006142888736285545)	('>100', 0.0031613238511311596)	('>500', 0.0)	('>1k', 0.0068552818686967235)	('>5k', 0.0)	('>10k+', 0.0)
