Sample	0	1	2	3	4	5	6	7	8	9	10	11	12	13	14	15	16	17	18	19	20	21	22	23	24	25	26	27	28	29	30	31	32	33	34	35	36	37	38	39	40	41	42	43
547_R1	(50, 6922.0)	(52, 6103.0)	(54, 5195.0)	(56, 4621.0)	(58, 4118.0)	(60, 3751.0)	(62, 3508.0)	(64, 3215.0)	(66, 3186.0)	(68, 3266.0)	(70, 3287.0)	(72, 3544.0)	(74, 3289.0)	(76, 3545.0)	(78, 3747.0)	(80, 4051.0)	(82, 4042.0)	(84, 4286.0)	(86, 4463.0)	(88, 4714.0)	(90, 5033.0)	(92, 5499.0)	(94, 5858.0)	(96, 6226.0)	(98, 7058.0)	(100, 8105.0)	(102, 8725.0)	(104, 9717.0)	(106, 11000.0)	(108, 12518.0)	(110, 14589.0)	(112, 16105.0)	(114, 20309.0)	(116, 24826.0)	(118, 30067.0)	(120, 33389.0)	(122, 61675.0)	(124, 129237.0)	(126, 417348.0)	(128, 77542.0)	(130, 43619.0)	(132, 48253.0)	(134, 53792.0)	(136, 121330218.0)
547_R2	(50, 6924.0)	(52, 6124.0)	(54, 5223.0)	(56, 4644.0)	(58, 4177.0)	(60, 3782.0)	(62, 3560.0)	(64, 3232.0)	(66, 3204.0)	(68, 3312.0)	(70, 3317.0)	(72, 3571.0)	(74, 3322.0)	(76, 3599.0)	(78, 3811.0)	(80, 4095.0)	(82, 4132.0)	(84, 4363.0)	(86, 4595.0)	(88, 4859.0)	(90, 5156.0)	(92, 5676.0)	(94, 6060.0)	(96, 6356.0)	(98, 7344.0)	(100, 8517.0)	(102, 9191.0)	(104, 10104.0)	(106, 11821.0)	(108, 13459.0)	(110, 15717.0)	(112, 16944.0)	(114, 22229.0)	(116, 27622.0)	(118, 33575.0)	(120, 36583.0)	(122, 73591.0)	(124, 155809.0)	(126, 478176.0)	(128, 85774.0)	(130, 43409.0)	(132, 48118.0)	(134, 53627.0)	(136, 121204857.0)
548_R1	(50, 7265.0)	(52, 6520.0)	(54, 5927.0)	(56, 5372.0)	(58, 4704.0)	(60, 4373.0)	(62, 4013.0)	(64, 3633.0)	(66, 3377.0)	(68, 3095.0)	(70, 3206.0)	(72, 3250.0)	(74, 3090.0)	(76, 3378.0)	(78, 3412.0)	(80, 3423.0)	(82, 3552.0)	(84, 3528.0)	(86, 3526.0)	(88, 3616.0)	(90, 3779.0)	(92, 3799.0)	(94, 3738.0)	(96, 3690.0)	(98, 3998.0)	(100, 4434.0)	(102, 4514.0)	(104, 4736.0)	(106, 5293.0)	(108, 5951.0)	(110, 6807.0)	(112, 6807.0)	(114, 9577.0)	(116, 12716.0)	(118, 15999.0)	(120, 16444.0)	(122, 45439.0)	(124, 112364.0)	(126, 386440.0)	(128, 45358.0)	(130, 7563.0)	(132, 8053.0)	(134, 8465.0)	(136, 96331293.0)
548_R2	(50, 7284.0)	(52, 6540.0)	(54, 5955.0)	(56, 5392.0)	(58, 4717.0)	(60, 4374.0)	(62, 4039.0)	(64, 3650.0)	(66, 3394.0)	(68, 3127.0)	(70, 3236.0)	(72, 3264.0)	(74, 3152.0)	(76, 3408.0)	(78, 3473.0)	(80, 3475.0)	(82, 3640.0)	(84, 3606.0)	(86, 3631.0)	(88, 3765.0)	(90, 3978.0)	(92, 3993.0)	(94, 3960.0)	(96, 3821.0)	(98, 4351.0)	(100, 4921.0)	(102, 5045.0)	(104, 5161.0)	(106, 6222.0)	(108, 7213.0)	(110, 7991.0)	(112, 7732.0)	(114, 12185.0)	(116, 16019.0)	(118, 20059.0)	(120, 20616.0)	(122, 58885.0)	(124, 141595.0)	(126, 441956.0)	(128, 53305.0)	(130, 7433.0)	(132, 7994.0)	(134, 8394.0)	(136, 96203566.0)
549_R1	(50, 1482.0)	(52, 1297.0)	(54, 1179.0)	(56, 1122.0)	(58, 1015.0)	(60, 952.0)	(62, 878.0)	(64, 898.0)	(66, 985.0)	(68, 987.0)	(70, 996.0)	(72, 1060.0)	(74, 1112.0)	(76, 1173.0)	(78, 1281.0)	(80, 1461.0)	(82, 1450.0)	(84, 1657.0)	(86, 1740.0)	(88, 1958.0)	(90, 2104.0)	(92, 2233.0)	(94, 2260.0)	(96, 2588.0)	(98, 2815.0)	(100, 3092.0)	(102, 3281.0)	(104, 3532.0)	(106, 3922.0)	(108, 4516.0)	(110, 5063.0)	(112, 5188.0)	(114, 5967.0)	(116, 7070.0)	(118, 8350.0)	(120, 8956.0)	(122, 16491.0)	(124, 37676.0)	(126, 148453.0)	(128, 20651.0)	(130, 11197.0)	(132, 12342.0)	(134, 13526.0)	(136, 141517640.0)
549_R2	(50, 1501.0)	(52, 1310.0)	(54, 1192.0)	(56, 1131.0)	(58, 1036.0)	(60, 969.0)	(62, 902.0)	(64, 919.0)	(66, 997.0)	(68, 1021.0)	(70, 1021.0)	(72, 1081.0)	(74, 1147.0)	(76, 1227.0)	(78, 1339.0)	(80, 1498.0)	(82, 1510.0)	(84, 1732.0)	(86, 1824.0)	(88, 2045.0)	(90, 2228.0)	(92, 2313.0)	(94, 2373.0)	(96, 2634.0)	(98, 3000.0)	(100, 3302.0)	(102, 3531.0)	(104, 3694.0)	(106, 4283.0)	(108, 5021.0)	(110, 5593.0)	(112, 5674.0)	(114, 7303.0)	(116, 9047.0)	(118, 10599.0)	(120, 11034.0)	(122, 26614.0)	(124, 65501.0)	(126, 230936.0)	(128, 28275.0)	(130, 11106.0)	(132, 12324.0)	(134, 13498.0)	(136, 141378311.0)
550_R1	(50, 2856.0)	(52, 2426.0)	(54, 2266.0)	(56, 2097.0)	(58, 2050.0)	(60, 1938.0)	(62, 1779.0)	(64, 1783.0)	(66, 1857.0)	(68, 2047.0)	(70, 2114.0)	(72, 2335.0)	(74, 2467.0)	(76, 2865.0)	(78, 3138.0)	(80, 3459.0)	(82, 3766.0)	(84, 4163.0)	(86, 4792.0)	(88, 5442.0)	(90, 6180.0)	(92, 6911.0)	(94, 7648.0)	(96, 8795.0)	(98, 10216.0)	(100, 11684.0)	(102, 13239.0)	(104, 14810.0)	(106, 17130.0)	(108, 19818.0)	(110, 22907.0)	(112, 26027.0)	(114, 31561.0)	(116, 37881.0)	(118, 45112.0)	(120, 50516.0)	(122, 73724.0)	(124, 123932.0)	(126, 339375.0)	(128, 94472.0)	(130, 75371.0)	(132, 83477.0)	(134, 90038.0)	(136, 124521551.0)
550_R2	(50, 2870.0)	(52, 2429.0)	(54, 2275.0)	(56, 2090.0)	(58, 2072.0)	(60, 1949.0)	(62, 1801.0)	(64, 1788.0)	(66, 1875.0)	(68, 2060.0)	(70, 2144.0)	(72, 2365.0)	(74, 2507.0)	(76, 2881.0)	(78, 3153.0)	(80, 3495.0)	(82, 3796.0)	(84, 4231.0)	(86, 4825.0)	(88, 5526.0)	(90, 6302.0)	(92, 7030.0)	(94, 7734.0)	(96, 8831.0)	(98, 10387.0)	(100, 11917.0)	(102, 13531.0)	(104, 15071.0)	(106, 17627.0)	(108, 20587.0)	(110, 23667.0)	(112, 26592.0)	(114, 32784.0)	(116, 39821.0)	(118, 47228.0)	(120, 52724.0)	(122, 81243.0)	(124, 142070.0)	(126, 383379.0)	(128, 99968.0)	(130, 75103.0)	(132, 83193.0)	(134, 89805.0)	(136, 124435289.0)
551_R1	(50, 3041.0)	(52, 2544.0)	(54, 2369.0)	(56, 2202.0)	(58, 2005.0)	(60, 1956.0)	(62, 1855.0)	(64, 1820.0)	(66, 1784.0)	(68, 1851.0)	(70, 2028.0)	(72, 2083.0)	(74, 2285.0)	(76, 2453.0)	(78, 2758.0)	(80, 2951.0)	(82, 3305.0)	(84, 3537.0)	(86, 4005.0)	(88, 4617.0)	(90, 5205.0)	(92, 5776.0)	(94, 6517.0)	(96, 7274.0)	(98, 8417.0)	(100, 9544.0)	(102, 10619.0)	(104, 11720.0)	(106, 13506.0)	(108, 15349.0)	(110, 17720.0)	(112, 19784.0)	(114, 23650.0)	(116, 27597.0)	(118, 31996.0)	(120, 35801.0)	(122, 52436.0)	(124, 89841.0)	(126, 254969.0)	(128, 66184.0)	(130, 49553.0)	(132, 54243.0)	(134, 58631.0)	(136, 99743292.0)
551_R2	(50, 3049.0)	(52, 2548.0)	(54, 2370.0)	(56, 2200.0)	(58, 2015.0)	(60, 1973.0)	(62, 1862.0)	(64, 1834.0)	(66, 1792.0)	(68, 1868.0)	(70, 2021.0)	(72, 2096.0)	(74, 2289.0)	(76, 2459.0)	(78, 2761.0)	(80, 2976.0)	(82, 3323.0)	(84, 3581.0)	(86, 4075.0)	(88, 4651.0)	(90, 5283.0)	(92, 5849.0)	(94, 6568.0)	(96, 7315.0)	(98, 8505.0)	(100, 9692.0)	(102, 10784.0)	(104, 11826.0)	(106, 13800.0)	(108, 15759.0)	(110, 18241.0)	(112, 20136.0)	(114, 24478.0)	(116, 28871.0)	(118, 33629.0)	(120, 37263.0)	(122, 58002.0)	(124, 103555.0)	(126, 290319.0)	(128, 70249.0)	(130, 49364.0)	(132, 54119.0)	(134, 58476.0)	(136, 99677247.0)
552_R1	(50, 1925.0)	(52, 1749.0)	(54, 1713.0)	(56, 1689.0)	(58, 1705.0)	(60, 1823.0)	(62, 1822.0)	(64, 2073.0)	(66, 2273.0)	(68, 2608.0)	(70, 2923.0)	(72, 2982.0)	(74, 3534.0)	(76, 4094.0)	(78, 4625.0)	(80, 5583.0)	(82, 6109.0)	(84, 6912.0)	(86, 8212.0)	(88, 9594.0)	(90, 11030.0)	(92, 12384.0)	(94, 14168.0)	(96, 16303.0)	(98, 18812.0)	(100, 21867.0)	(102, 24836.0)	(104, 28389.0)	(106, 32146.0)	(108, 37470.0)	(110, 43327.0)	(112, 49639.0)	(114, 58559.0)	(116, 69348.0)	(118, 79899.0)	(120, 90317.0)	(122, 113872.0)	(124, 163393.0)	(126, 379038.0)	(128, 197579.0)	(130, 282996.0)	(132, 158684.0)	(134, 173246.0)	(136, 124571146.0)
552_R2	(50, 1923.0)	(52, 1737.0)	(54, 1703.0)	(56, 1699.0)	(58, 1722.0)	(60, 1819.0)	(62, 1834.0)	(64, 2088.0)	(66, 2290.0)	(68, 2616.0)	(70, 2947.0)	(72, 2994.0)	(74, 3562.0)	(76, 4121.0)	(78, 4626.0)	(80, 5596.0)	(82, 6142.0)	(84, 6953.0)	(86, 8240.0)	(88, 9670.0)	(90, 11113.0)	(92, 12465.0)	(94, 14223.0)	(96, 16375.0)	(98, 19002.0)	(100, 21995.0)	(102, 25052.0)	(104, 28558.0)	(106, 32502.0)	(108, 37845.0)	(110, 43848.0)	(112, 50187.0)	(114, 59813.0)	(116, 70742.0)	(118, 81562.0)	(120, 92020.0)	(122, 119467.0)	(124, 176090.0)	(126, 410459.0)	(128, 202636.0)	(130, 280056.0)	(132, 158291.0)	(134, 172782.0)	(136, 124511031.0)
553_R1	(50, 1401.0)	(52, 1261.0)	(54, 1335.0)	(56, 1426.0)	(58, 1437.0)	(60, 1693.0)	(62, 1804.0)	(64, 2067.0)	(66, 2254.0)	(68, 2657.0)	(70, 3215.0)	(72, 3550.0)	(74, 4027.0)	(76, 4773.0)	(78, 5382.0)	(80, 6253.0)	(82, 7155.0)	(84, 8030.0)	(86, 9235.0)	(88, 10979.0)	(90, 12387.0)	(92, 14320.0)	(94, 16014.0)	(96, 18323.0)	(98, 20593.0)	(100, 23692.0)	(102, 26745.0)	(104, 29440.0)	(106, 33275.0)	(108, 37539.0)	(110, 41833.0)	(112, 46813.0)	(114, 52628.0)	(116, 60441.0)	(118, 70143.0)	(120, 77934.0)	(122, 90905.0)	(124, 116580.0)	(126, 225366.0)	(128, 165145.0)	(130, 249571.0)	(132, 124109.0)	(134, 133285.0)	(136, 104954686.0)
553_R2	(50, 1398.0)	(52, 1251.0)	(54, 1330.0)	(56, 1428.0)	(58, 1454.0)	(60, 1709.0)	(62, 1830.0)	(64, 2094.0)	(66, 2277.0)	(68, 2682.0)	(70, 3246.0)	(72, 3587.0)	(74, 4053.0)	(76, 4827.0)	(78, 5412.0)	(80, 6312.0)	(82, 7227.0)	(84, 8070.0)	(86, 9302.0)	(88, 11090.0)	(90, 12498.0)	(92, 14436.0)	(94, 16183.0)	(96, 18428.0)	(98, 20796.0)	(100, 23927.0)	(102, 27006.0)	(104, 29679.0)	(106, 33670.0)	(108, 38005.0)	(110, 42253.0)	(112, 47142.0)	(114, 53556.0)	(116, 61670.0)	(118, 71466.0)	(120, 79061.0)	(122, 95676.0)	(124, 127505.0)	(126, 250311.0)	(128, 167200.0)	(130, 246125.0)	(132, 123913.0)	(134, 133067.0)	(136, 104907549.0)
554_R1	(50, 7686.0)	(52, 6698.0)	(54, 5767.0)	(56, 4980.0)	(58, 4235.0)	(60, 3927.0)	(62, 3507.0)	(64, 3256.0)	(66, 3181.0)	(68, 3198.0)	(70, 3216.0)	(72, 3307.0)	(74, 3235.0)	(76, 3432.0)	(78, 3594.0)	(80, 3719.0)	(82, 3775.0)	(84, 3927.0)	(86, 4134.0)	(88, 4298.0)	(90, 4680.0)	(92, 5016.0)	(94, 5065.0)	(96, 5447.0)	(98, 6153.0)	(100, 6680.0)	(102, 7298.0)	(104, 8053.0)	(106, 8757.0)	(108, 10197.0)	(110, 11672.0)	(112, 11969.0)	(114, 15303.0)	(116, 18928.0)	(118, 23123.0)	(120, 24537.0)	(122, 50815.0)	(124, 115102.0)	(126, 408592.0)	(128, 61403.0)	(130, 26529.0)	(132, 29173.0)	(134, 31961.0)	(136, 159900026.0)
554_R2	(50, 7694.0)	(52, 6711.0)	(54, 5786.0)	(56, 5018.0)	(58, 4272.0)	(60, 3960.0)	(62, 3502.0)	(64, 3278.0)	(66, 3185.0)	(68, 3231.0)	(70, 3231.0)	(72, 3322.0)	(74, 3272.0)	(76, 3450.0)	(78, 3626.0)	(80, 3736.0)	(82, 3844.0)	(84, 3981.0)	(86, 4203.0)	(88, 4385.0)	(90, 4787.0)	(92, 5144.0)	(94, 5208.0)	(96, 5545.0)	(98, 6398.0)	(100, 6984.0)	(102, 7638.0)	(104, 8306.0)	(106, 9438.0)	(108, 11002.0)	(110, 12491.0)	(112, 12576.0)	(114, 16998.0)	(116, 21336.0)	(118, 26276.0)	(120, 27745.0)	(122, 61976.0)	(124, 142127.0)	(126, 477508.0)	(128, 69838.0)	(130, 26331.0)	(132, 29086.0)	(134, 31888.0)	(136, 159769238.0)
555_R1	(50, 2828.0)	(52, 2549.0)	(54, 2389.0)	(56, 2265.0)	(58, 2147.0)	(60, 2380.0)	(62, 2327.0)	(64, 2353.0)	(66, 2611.0)	(68, 2854.0)	(70, 3325.0)	(72, 3671.0)	(74, 4095.0)	(76, 4650.0)	(78, 5302.0)	(80, 6191.0)	(82, 6953.0)	(84, 7633.0)	(86, 8630.0)	(88, 10027.0)	(90, 11194.0)	(92, 12721.0)	(94, 14292.0)	(96, 15868.0)	(98, 17914.0)	(100, 20430.0)	(102, 22706.0)	(104, 24975.0)	(106, 28388.0)	(108, 32224.0)	(110, 36722.0)	(112, 41119.0)	(114, 46275.0)	(116, 52664.0)	(118, 59176.0)	(120, 65822.0)	(122, 80702.0)	(124, 111999.0)	(126, 257923.0)	(128, 144992.0)	(130, 204144.0)	(132, 104555.0)	(134, 113705.0)	(136, 104058266.0)
555_R2	(50, 2825.0)	(52, 2554.0)	(54, 2395.0)	(56, 2271.0)	(58, 2162.0)	(60, 2388.0)	(62, 2350.0)	(64, 2386.0)	(66, 2638.0)	(68, 2881.0)	(70, 3368.0)	(72, 3702.0)	(74, 4142.0)	(76, 4679.0)	(78, 5375.0)	(80, 6262.0)	(82, 7017.0)	(84, 7671.0)	(86, 8719.0)	(88, 10119.0)	(90, 11326.0)	(92, 12834.0)	(94, 14429.0)	(96, 15919.0)	(98, 18127.0)	(100, 20701.0)	(102, 22992.0)	(104, 25208.0)	(106, 28814.0)	(108, 32737.0)	(110, 37317.0)	(112, 41540.0)	(114, 47453.0)	(116, 54285.0)	(118, 61148.0)	(120, 67579.0)	(122, 88699.0)	(124, 133407.0)	(126, 313722.0)	(128, 149597.0)	(130, 198497.0)	(132, 104371.0)	(134, 113535.0)	(136, 103963815.0)
556_R1	(50, 5244.0)	(52, 4621.0)	(54, 3986.0)	(56, 3517.0)	(58, 3239.0)	(60, 3106.0)	(62, 2948.0)	(64, 2885.0)	(66, 2940.0)	(68, 3089.0)	(70, 3275.0)	(72, 3569.0)	(74, 3831.0)	(76, 4097.0)	(78, 4471.0)	(80, 4897.0)	(82, 5506.0)	(84, 6049.0)	(86, 6535.0)	(88, 7454.0)	(90, 8214.0)	(92, 9084.0)	(94, 9922.0)	(96, 10937.0)	(98, 12630.0)	(100, 14121.0)	(102, 15598.0)	(104, 17281.0)	(106, 19773.0)	(108, 22225.0)	(110, 25229.0)	(112, 27588.0)	(114, 32247.0)	(116, 37574.0)	(118, 43629.0)	(120, 47232.0)	(122, 68566.0)	(124, 114332.0)	(126, 318705.0)	(128, 123135.0)	(130, 174186.0)	(132, 73803.0)	(134, 79787.0)	(136, 103011141.0)
556_R2	(50, 5033.0)	(52, 4360.0)	(54, 3826.0)	(56, 3526.0)	(58, 3244.0)	(60, 3128.0)	(62, 2972.0)	(64, 2904.0)	(66, 2953.0)	(68, 3132.0)	(70, 3290.0)	(72, 3599.0)	(74, 3862.0)	(76, 4128.0)	(78, 4491.0)	(80, 4945.0)	(82, 5542.0)	(84, 6100.0)	(86, 6570.0)	(88, 7492.0)	(90, 8308.0)	(92, 9207.0)	(94, 10061.0)	(96, 11043.0)	(98, 12821.0)	(100, 14348.0)	(102, 15839.0)	(104, 17529.0)	(106, 20278.0)	(108, 22923.0)	(110, 25873.0)	(112, 28125.0)	(114, 33577.0)	(116, 39527.0)	(118, 45748.0)	(120, 49322.0)	(122, 76793.0)	(124, 136291.0)	(126, 362166.0)	(128, 92255.0)	(130, 67533.0)	(132, 73641.0)	(134, 79662.0)	(136, 103064231.0)
557_R1	(50, 1108.0)	(52, 1031.0)	(54, 987.0)	(56, 1009.0)	(58, 1049.0)	(60, 1031.0)	(62, 1155.0)	(64, 1265.0)	(66, 1375.0)	(68, 1612.0)	(70, 1906.0)	(72, 2206.0)	(74, 2472.0)	(76, 2879.0)	(78, 3327.0)	(80, 3835.0)	(82, 4429.0)	(84, 4955.0)	(86, 5649.0)	(88, 6804.0)	(90, 7816.0)	(92, 8841.0)	(94, 9886.0)	(96, 11037.0)	(98, 12551.0)	(100, 14608.0)	(102, 16476.0)	(104, 17783.0)	(106, 20069.0)	(108, 22807.0)	(110, 25576.0)	(112, 28381.0)	(114, 31584.0)	(116, 35655.0)	(118, 40901.0)	(120, 45045.0)	(122, 52956.0)	(124, 69869.0)	(126, 159995.0)	(128, 118897.0)	(130, 181351.0)	(132, 74819.0)	(134, 79846.0)	(136, 120210708.0)
557_R2	(50, 934.0)	(52, 820.0)	(54, 833.0)	(56, 1029.0)	(58, 1071.0)	(60, 1048.0)	(62, 1180.0)	(64, 1293.0)	(66, 1401.0)	(68, 1637.0)	(70, 1932.0)	(72, 2259.0)	(74, 2512.0)	(76, 2898.0)	(78, 3359.0)	(80, 3890.0)	(82, 4479.0)	(84, 4999.0)	(86, 5719.0)	(88, 6885.0)	(90, 7930.0)	(92, 8976.0)	(94, 9965.0)	(96, 11143.0)	(98, 12718.0)	(100, 14790.0)	(102, 16619.0)	(104, 17930.0)	(106, 20329.0)	(108, 23192.0)	(110, 26097.0)	(112, 28726.0)	(114, 32733.0)	(116, 37234.0)	(118, 42677.0)	(120, 46400.0)	(122, 62594.0)	(124, 96734.0)	(126, 231547.0)	(128, 74696.0)	(130, 67785.0)	(132, 74700.0)	(134, 79686.0)	(136, 120252162.0)
558_R1	(50, 1075.0)	(52, 1098.0)	(54, 967.0)	(56, 1042.0)	(58, 919.0)	(60, 1038.0)	(62, 1025.0)	(64, 1153.0)	(66, 1207.0)	(68, 1474.0)	(70, 1584.0)	(72, 1728.0)	(74, 2090.0)	(76, 2367.0)	(78, 2809.0)	(80, 3301.0)	(82, 3708.0)	(84, 4235.0)	(86, 4961.0)	(88, 5836.0)	(90, 6692.0)	(92, 7527.0)	(94, 8553.0)	(96, 9830.0)	(98, 11363.0)	(100, 13273.0)	(102, 15193.0)	(104, 17071.0)	(106, 19565.0)	(108, 22427.0)	(110, 25821.0)	(112, 29188.0)	(114, 33051.0)	(116, 37898.0)	(118, 43782.0)	(120, 48864.0)	(122, 57710.0)	(124, 76758.0)	(126, 174497.0)	(128, 131205.0)	(130, 197153.0)	(132, 88820.0)	(134, 97054.0)	(136, 126807881.0)
558_R2	(50, 891.0)	(52, 891.0)	(54, 842.0)	(56, 1063.0)	(58, 932.0)	(60, 1053.0)	(62, 1050.0)	(64, 1175.0)	(66, 1230.0)	(68, 1490.0)	(70, 1603.0)	(72, 1739.0)	(74, 2127.0)	(76, 2396.0)	(78, 2861.0)	(80, 3357.0)	(82, 3741.0)	(84, 4303.0)	(86, 5011.0)	(88, 5891.0)	(90, 6787.0)	(92, 7651.0)	(94, 8655.0)	(96, 9906.0)	(98, 11494.0)	(100, 13366.0)	(102, 15342.0)	(104, 17155.0)	(106, 19788.0)	(108, 22828.0)	(110, 26223.0)	(112, 29489.0)	(114, 34051.0)	(116, 39282.0)	(118, 45269.0)	(120, 50113.0)	(122, 65456.0)	(124, 97755.0)	(126, 220611.0)	(128, 82467.0)	(130, 79739.0)	(132, 88712.0)	(134, 96918.0)	(136, 126892090.0)
559_R1	(50, 4266.0)	(52, 3753.0)	(54, 3562.0)	(56, 3274.0)	(58, 3136.0)	(60, 3204.0)	(62, 3290.0)	(64, 3438.0)	(66, 3796.0)	(68, 4223.0)	(70, 4685.0)	(72, 5164.0)	(74, 5684.0)	(76, 6464.0)	(78, 7446.0)	(80, 8574.0)	(82, 9731.0)	(84, 10810.0)	(86, 12147.0)	(88, 14036.0)	(90, 16186.0)	(92, 18316.0)	(94, 20263.0)	(96, 22603.0)	(98, 26212.0)	(100, 29535.0)	(102, 33664.0)	(104, 37534.0)	(106, 42695.0)	(108, 48381.0)	(110, 55686.0)	(112, 62522.0)	(114, 73747.0)	(116, 87971.0)	(118, 102746.0)	(120, 114219.0)	(122, 156271.0)	(124, 245939.0)	(126, 633133.0)	(128, 259306.0)	(130, 362366.0)	(132, 182041.0)	(134, 198315.0)	(136, 179289166.0)
559_R2	(50, 4277.0)	(52, 3744.0)	(54, 3545.0)	(56, 3276.0)	(58, 3148.0)	(60, 3239.0)	(62, 3291.0)	(64, 3469.0)	(66, 3822.0)	(68, 4262.0)	(70, 4733.0)	(72, 5218.0)	(74, 5736.0)	(76, 6552.0)	(78, 7472.0)	(80, 8587.0)	(82, 9763.0)	(84, 10935.0)	(86, 12230.0)	(88, 14141.0)	(90, 16304.0)	(92, 18489.0)	(94, 20406.0)	(96, 22737.0)	(98, 26572.0)	(100, 29888.0)	(102, 34139.0)	(104, 37927.0)	(106, 43516.0)	(108, 49520.0)	(110, 56544.0)	(112, 63439.0)	(114, 75668.0)	(116, 90986.0)	(118, 105786.0)	(120, 117366.0)	(122, 166737.0)	(124, 269090.0)	(126, 687099.0)	(128, 263925.0)	(130, 354759.0)	(132, 181637.0)	(134, 197854.0)	(136, 179187672.0)
560_R1	(50, 1656.0)	(52, 1610.0)	(54, 1585.0)	(56, 1754.0)	(58, 1827.0)	(60, 2039.0)	(62, 2235.0)	(64, 2405.0)	(66, 2900.0)	(68, 3377.0)	(70, 3962.0)	(72, 4649.0)	(74, 5161.0)	(76, 6199.0)	(78, 7132.0)	(80, 8473.0)	(82, 9910.0)	(84, 11145.0)	(86, 13163.0)	(88, 15802.0)	(90, 18211.0)	(92, 20645.0)	(94, 23288.0)	(96, 26477.0)	(98, 30982.0)	(100, 35819.0)	(102, 40342.0)	(104, 45249.0)	(106, 51321.0)	(108, 59330.0)	(110, 67787.0)	(112, 77782.0)	(114, 89178.0)	(116, 103280.0)	(118, 117591.0)	(120, 131715.0)	(122, 154002.0)	(124, 197226.0)	(126, 380260.0)	(128, 276638.0)	(130, 394124.0)	(132, 230994.0)	(134, 250954.0)	(136, 172511351.0)
560_R2	(50, 1666.0)	(52, 1606.0)	(54, 1598.0)	(56, 1790.0)	(58, 1866.0)	(60, 2072.0)	(62, 2263.0)	(64, 2444.0)	(66, 2957.0)	(68, 3419.0)	(70, 4034.0)	(72, 4720.0)	(74, 5234.0)	(76, 6274.0)	(78, 7206.0)	(80, 8552.0)	(82, 10027.0)	(84, 11253.0)	(86, 13317.0)	(88, 15976.0)	(90, 18387.0)	(92, 20839.0)	(94, 23478.0)	(96, 26628.0)	(98, 31266.0)	(100, 36149.0)	(102, 40675.0)	(104, 45513.0)	(106, 51961.0)	(108, 60067.0)	(110, 68606.0)	(112, 78490.0)	(114, 91041.0)	(116, 105850.0)	(118, 120703.0)	(120, 134089.0)	(122, 166668.0)	(124, 230049.0)	(126, 465446.0)	(128, 282733.0)	(130, 386851.0)	(132, 230683.0)	(134, 250527.0)	(136, 172366557.0)
561_R1	(50, 1151.0)	(52, 1195.0)	(54, 1178.0)	(56, 1266.0)	(58, 1445.0)	(60, 1601.0)	(62, 1887.0)	(64, 2102.0)	(66, 2451.0)	(68, 3011.0)	(70, 3632.0)	(72, 4225.0)	(74, 4864.0)	(76, 5975.0)	(78, 7403.0)	(80, 8516.0)	(82, 10443.0)	(84, 11879.0)	(86, 13838.0)	(88, 16561.0)	(90, 19413.0)	(92, 22780.0)	(94, 26792.0)	(96, 31650.0)	(98, 36996.0)	(100, 43117.0)	(102, 50457.0)	(104, 58017.0)	(106, 66768.0)	(108, 77647.0)	(110, 89413.0)	(112, 103010.0)	(114, 119728.0)	(116, 140258.0)	(118, 163467.0)	(120, 183659.0)	(122, 216723.0)	(124, 272170.0)	(126, 474487.0)	(128, 356935.0)	(130, 482645.0)	(132, 331174.0)	(134, 360374.0)	(136, 150379307.0)
561_R2	(50, 1150.0)	(52, 1225.0)	(54, 1175.0)	(56, 1285.0)	(58, 1460.0)	(60, 1643.0)	(62, 1929.0)	(64, 2122.0)	(66, 2492.0)	(68, 3070.0)	(70, 3694.0)	(72, 4278.0)	(74, 4957.0)	(76, 6041.0)	(78, 7519.0)	(80, 8610.0)	(82, 10542.0)	(84, 12014.0)	(86, 13973.0)	(88, 16715.0)	(90, 19626.0)	(92, 22995.0)	(94, 27054.0)	(96, 31795.0)	(98, 37234.0)	(100, 43386.0)	(102, 50825.0)	(104, 58328.0)	(106, 67311.0)	(108, 78427.0)	(110, 90186.0)	(112, 103470.0)	(114, 121295.0)	(116, 142428.0)	(118, 165594.0)	(120, 185690.0)	(122, 224447.0)	(124, 288918.0)	(126, 510618.0)	(128, 359801.0)	(130, 478600.0)	(132, 330609.0)	(134, 359738.0)	(136, 150307341.0)
562_R1	(50, 2913.0)	(52, 2773.0)	(54, 2532.0)	(56, 2364.0)	(58, 2100.0)	(60, 2105.0)	(62, 2104.0)	(64, 2219.0)	(66, 2468.0)	(68, 2851.0)	(70, 3145.0)	(72, 3528.0)	(74, 3901.0)	(76, 4640.0)	(78, 5403.0)	(80, 6234.0)	(82, 7264.0)	(84, 8264.0)	(86, 9802.0)	(88, 11278.0)	(90, 13286.0)	(92, 15431.0)	(94, 17644.0)	(96, 20311.0)	(98, 23965.0)	(100, 27601.0)	(102, 31752.0)	(104, 36444.0)	(106, 42529.0)	(108, 49569.0)	(110, 57111.0)	(112, 64785.0)	(114, 75813.0)	(116, 89511.0)	(118, 103681.0)	(120, 116955.0)	(122, 143938.0)	(124, 197063.0)	(126, 416670.0)	(128, 249925.0)	(130, 354899.0)	(132, 204265.0)	(134, 222926.0)	(136, 146897455.0)
562_R2	(50, 2933.0)	(52, 2778.0)	(54, 2537.0)	(56, 2383.0)	(58, 2122.0)	(60, 2136.0)	(62, 2131.0)	(64, 2252.0)	(66, 2529.0)	(68, 2903.0)	(70, 3195.0)	(72, 3570.0)	(74, 3965.0)	(76, 4708.0)	(78, 5493.0)	(80, 6309.0)	(82, 7375.0)	(84, 8343.0)	(86, 9891.0)	(88, 11417.0)	(90, 13479.0)	(92, 15656.0)	(94, 17825.0)	(96, 20445.0)	(98, 24293.0)	(100, 28051.0)	(102, 32215.0)	(104, 36838.0)	(106, 43354.0)	(108, 50394.0)	(110, 58045.0)	(112, 65535.0)	(114, 77642.0)	(116, 92209.0)	(118, 106561.0)	(120, 119554.0)	(122, 155577.0)	(124, 226843.0)	(126, 489666.0)	(128, 255990.0)	(130, 347287.0)	(132, 203840.0)	(134, 222396.0)	(136, 146768752.0)
563_R1	(50, 1650.0)	(52, 1508.0)	(54, 1371.0)	(56, 1312.0)	(58, 1195.0)	(60, 1086.0)	(62, 1127.0)	(64, 1069.0)	(66, 1124.0)	(68, 1148.0)	(70, 1256.0)	(72, 1328.0)	(74, 1397.0)	(76, 1545.0)	(78, 1562.0)	(80, 1832.0)	(82, 1931.0)	(84, 2041.0)	(86, 2237.0)	(88, 2616.0)	(90, 2785.0)	(92, 2986.0)	(94, 3222.0)	(96, 3575.0)	(98, 3947.0)	(100, 4294.0)	(102, 4934.0)	(104, 5385.0)	(106, 6151.0)	(108, 7001.0)	(110, 7697.0)	(112, 8697.0)	(114, 9748.0)	(116, 11890.0)	(118, 13886.0)	(120, 15502.0)	(122, 24146.0)	(124, 46771.0)	(126, 153063.0)	(128, 30682.0)	(130, 22109.0)	(132, 24533.0)	(134, 27505.0)	(136, 104912242.0)
563_R2	(50, 1649.0)	(52, 1512.0)	(54, 1386.0)	(56, 1327.0)	(58, 1213.0)	(60, 1113.0)	(62, 1152.0)	(64, 1088.0)	(66, 1160.0)	(68, 1177.0)	(70, 1273.0)	(72, 1338.0)	(74, 1423.0)	(76, 1579.0)	(78, 1607.0)	(80, 1873.0)	(82, 1967.0)	(84, 2103.0)	(86, 2286.0)	(88, 2706.0)	(90, 2872.0)	(92, 3085.0)	(94, 3316.0)	(96, 3649.0)	(98, 4124.0)	(100, 4516.0)	(102, 5217.0)	(104, 5565.0)	(106, 6494.0)	(108, 7514.0)	(110, 8370.0)	(112, 9230.0)	(114, 11110.0)	(116, 13867.0)	(118, 16050.0)	(120, 17635.0)	(122, 33838.0)	(124, 72617.0)	(126, 222614.0)	(128, 36736.0)	(130, 22017.0)	(132, 24466.0)	(134, 27443.0)	(136, 104789809.0)
564_R1	(50, 2369.0)	(52, 2289.0)	(54, 2065.0)	(56, 2190.0)	(58, 2018.0)	(60, 1996.0)	(62, 1913.0)	(64, 1968.0)	(66, 2046.0)	(68, 2192.0)	(70, 2389.0)	(72, 2589.0)	(74, 2738.0)	(76, 3120.0)	(78, 3514.0)	(80, 3797.0)	(82, 4194.0)	(84, 4695.0)	(86, 5367.0)	(88, 5868.0)	(90, 6651.0)	(92, 7341.0)	(94, 8148.0)	(96, 8862.0)	(98, 10364.0)	(100, 11625.0)	(102, 13332.0)	(104, 15144.0)	(106, 17104.0)	(108, 19837.0)	(110, 21911.0)	(112, 25134.0)	(114, 29241.0)	(116, 34644.0)	(118, 39386.0)	(120, 43288.0)	(122, 58212.0)	(124, 88379.0)	(126, 219919.0)	(128, 74561.0)	(130, 67607.0)	(132, 75535.0)	(134, 82486.0)	(136, 150361814.0)
564_R2	(50, 2376.0)	(52, 2316.0)	(54, 2095.0)	(56, 2213.0)	(58, 2035.0)	(60, 2024.0)	(62, 1929.0)	(64, 1998.0)	(66, 2078.0)	(68, 2245.0)	(70, 2420.0)	(72, 2648.0)	(74, 2814.0)	(76, 3172.0)	(78, 3585.0)	(80, 3852.0)	(82, 4261.0)	(84, 4798.0)	(86, 5464.0)	(88, 5995.0)	(90, 6829.0)	(92, 7515.0)	(94, 8320.0)	(96, 8987.0)	(98, 10595.0)	(100, 12017.0)	(102, 13673.0)	(104, 15388.0)	(106, 17750.0)	(108, 20665.0)	(110, 22654.0)	(112, 25755.0)	(114, 30835.0)	(116, 36975.0)	(118, 41952.0)	(120, 45771.0)	(122, 69135.0)	(124, 116616.0)	(126, 295124.0)	(128, 81619.0)	(130, 67405.0)	(132, 75422.0)	(134, 82296.0)	(136, 150226226.0)
